CxC = [1 2 1/3 1/3 1/4; 1/2 1 1/4 1/3 1/5; 3 3 1/2 1 1/3; 4 5 2 2 1];

Cost = [1 17/4 17/9; 4/17 1 4/9; 9/17 9/4 1];
Ease = [1 1/2 3; 2 1 3; 1/3 1/3 1];
FinB = [1 86/67 86/35; 67/86 1 67/35; 35/86 35/67 1];
ResIm = [1 1 2; 1 1 2; 1/2 1/2 1];
StraVal = [1 1/3 2; 3 1 5; 1/2 1/5 1];